JOB_NAME=3008300a_y79
ODB_VERSION_MAJOR=6
ODB_VERSION_MINOR=1
CREATION_DATE=20220824.081144
SAVE_DATE=20220824.082249
SAVE_APP=Genesis 09.07b2
SAVE_USER=0
